( 'rDur': 0.1, 'ampMod': 0.0, 'rPitch': 0.0, 'toggle': 1, 
  'rFill': 0.42, 'pitch': 0.0, 'qHi': 1.0, 'rAmp': 0.09, 'rPitchMod': 0.0, 
  'pitchMod': 0.0, 'timeArr': [ 0.3, 0.3, 0.3 ], 'send': 0.16711397685639, 'posMod': 1.0, 'dur': 0.033808580944336, 
  'rAmpMod': 0.0, 'pan': -0.0046018479857671, 'dir': 0.61004957172517, 'delay': 0.0, 'rDurMod': 0.0, 
  'rFillMod': 0.0, 'qLo': 1.0, 'pos': 0.10978520286396, 'waveform': SoundFileView.new, 'rPos': 0.01, 
  'envCurve': -2.0, 'filtFreqLo': 20000.0, 'rPosMod': 0.0, 'vol': 1.0, 'path': "/Volumes/MacHD 750 1/Dropbox/Weltherrschaft3500/LIVE/2016/Surge/SAMPLES/Surge_Perc_A.wav", 
  'ampArr': [ 0, 1, 1, 0 ], 'fillFactor': 4.0097710729888, 'filtFreqHi': 215.0, 'durMod': 0.0, 'fillMod': 0.0 )